function cmap = phy_cluster_colors()

% copied from phy.utils._color.ColorSelector
cmap = [    8, 146, 252; ...
          255, 2, 2; ...
          240, 253, 2; ...
          228, 31, 228; ...
          2, 217, 2; ...
          255, 147, 2; ...

          212, 150, 70; ...
          205, 131, 201; ...
          201, 172, 36; ...
          150, 179, 62; ...
          95, 188, 122; ...
          129, 173, 190; ...
          231, 107, 119] / 255;
      
end